[broker-business-solutions-to-Jorge.jpg]
filters=finetune2=1,0.000000,0.151579,0.117895,00000000,0.000000;PicnikTint=1,95.906433,ff000f07;warm=1;
moddate=0134d1b49321d401
width=2366
height=1267
textactive=0
